1.000E-01 1.031E+03 
2.000E-01 1.437E+03 
3.000E-01 1.698E+03 
4.000E-01 1.866E+03 
5.000E-01 1.964E+03 
6.000E-01 2.012E+03 
7.000E-01 2.021E+03 
8.000E-01 2.005E+03 
9.000E-01 1.970E+03 
1.000E+00 1.924E+03 
1.100E+00 1.868E+03 
1.200E+00 1.807E+03 
1.300E+00 1.745E+03 
1.400E+00 1.685E+03 
1.500E+00 1.626E+03 
1.600E+00 1.571E+03 
1.700E+00 1.520E+03 
1.800E+00 1.471E+03 
1.900E+00 1.425E+03 
2.000E+00 1.383E+03 
2.100E+00 1.343E+03 
2.200E+00 1.306E+03 
2.300E+00 1.270E+03 
2.400E+00 1.237E+03 
2.500E+00 1.206E+03 
2.600E+00 1.176E+03 
2.700E+00 1.147E+03 
2.800E+00 1.121E+03 
2.900E+00 1.096E+03 
3.000E+00 1.072E+03 
3.100E+00 1.050E+03 
3.200E+00 1.028E+03 
3.300E+00 1.008E+03 
3.400E+00 9.881E+02 
3.500E+00 9.693E+02 
3.600E+00 9.513E+02 
3.700E+00 9.341E+02 
3.800E+00 9.176E+02 
3.900E+00 9.017E+02 
4.000E+00 8.865E+02 
4.100E+00 8.719E+02 
4.200E+00 8.578E+02 
4.300E+00 8.443E+02 
4.400E+00 8.312E+02 
4.500E+00 8.186E+02 
4.600E+00 8.063E+02 
4.700E+00 7.945E+02 
4.800E+00 7.830E+02 
4.900E+00 7.719E+02 
5.000E+00 7.612E+02 
5.100E+00 7.508E+02 
5.200E+00 7.407E+02 
5.300E+00 7.309E+02 
5.400E+00 7.214E+02 
5.500E+00 7.122E+02 
5.600E+00 7.033E+02 
5.700E+00 6.946E+02 
5.800E+00 6.862E+02 
5.900E+00 6.780E+02 
6.000E+00 6.700E+02 
